<emg>
exo_no1: [1690,4155,6560,9160] -ic: 2/dc:1/lg:4
[1,100,240,310,400]
[1,100,205,310,400]
[1,100,200,310,400]
exo_no2: [1350,3800,6290,9000] -ic:1/lg:3
exo_off: [6740,7620,8333,9200]-ic:2/lg:3
[1,100,190,290,400]
[1,120,205,305,400]
[1,120,205,305,400]
exo_on1: [2780,3700,4450, 5380] -ic:2/ dc:1
[1,90,180,270,370]
exo_on2: [6700,7570,8280,9250]-ic:2,1/ dc:1/ lg:3
[1,70,190,290,380]
[1,70,190,290,380]
[1,120,210,290,380]

<joint angle>

exo_no=[7840,8165,8490,8817]
exo_off=[6534,7394,8239,9118]
exo_on=[7440,7817,8170,8500]